1755752558677 0.0003859996795654297 0
1755752568715 0.0004112720489501953 0
1755752578754 0.0004124641418457031 0
1755752588788 0.00043702125549316406 0
1755752598826 0.0003955364227294922 0
1755752608864 0.00041365623474121094 0
1755752618899 0.00041937828063964844 0
1755752628941 0.0004303455352783203 0
1755752638977 0.00041103363037109375 0
1755752649014 0.0004055500030517578 0
1755752659052 0.00044798851013183594 0
1755752669088 0.00041794776916503906 0
1755752679123 0.0004298686981201172 0
1755752689159 0.0003910064697265625 0
1755752699196 0.0005664825439453125 0
1755752709233 0.0004220008850097656 0
1755752719269 0.0004038810729980469 0
1755752729306 0.0004863739013671875 0
1755752739342 0.0004687309265136719 0
1755752749381 0.0004131793975830078 0
1755752759416 0.0005333423614501953 0
1755752769449 0.00041413307189941406 0
1755752779485 0.0004124641418457031 0
1755752789523 0.0004150867462158203 0
1755752799562 0.0010247230529785156 0
1755752809598 0.00039887428283691406 0
1755752819631 0.0004918575286865234 0
1755752829665 0.0004253387451171875 0
1755752839707 0.00042700767517089844 0
1755752849741 0.00044798851013183594 0
1755752859776 0.00045037269592285156 0
1755752869812 0.0005199909210205078 0
1755752879851 0.0004506111145019531 0
1755752889891 0.0005085468292236328 0
1755752899934 0.0004184246063232422 0
1755752909970 0.00040793418884277344 0
1755752920007 0.00040841102600097656 0
1755752930046 0.0006740093231201172 0
1755752940083 0.0004680156707763672 0
1755752950119 0.0005831718444824219 0
1755752960157 0.00040459632873535156 0
1755752970190 0.000400543212890625 0
1755752980224 0.0005345344543457031 0
