1755754178457 0.00039958953857421875 0
1755754188493 0.0004763603210449219 0
1755754198528 0.0004611015319824219 0
1755754208567 0.0005495548248291016 0
1755754218606 0.0004775524139404297 0
1755754228642 0.00057220458984375 0
1755754238717 0.00064849853515625 0
1755754248782 0.0005235671997070312 0
1755754258817 0.0004630088806152344 0
1755754268855 0.0005643367767333984 0
1755754278894 0.00043892860412597656 0
1755754288928 0.00048232078552246094 0
1755754298963 0.0005004405975341797 0
1755754309000 0.0004811286926269531 0
1755754319038 0.00047707557678222656 0
1755754329075 0.0005486011505126953 0
1755754339112 0.0004992485046386719 0
1755754349148 0.0005066394805908203 0
1755754359182 0.00044465065002441406 0
1755754369216 0.0004668235778808594 0
1755754379251 0.00044989585876464844 0
1755754389290 0.0006368160247802734 0
1755754399330 0.0005712509155273438 0
1755754409375 0.00044274330139160156 0
1755754419417 0.0006432533264160156 0
1755754429455 0.0004973411560058594 0
1755754439492 0.0004904270172119141 0
1755754449526 0.0004899501800537109 0
1755754459562 0.00046515464782714844 0
1755754469598 0.0005002021789550781 0
1755754479643 0.0005238056182861328 0
1755754489679 0.00046896934509277344 0
1755754499716 0.00048279762268066406 0
1755754509757 0.0005342960357666016 0
1755754519797 0.0004520416259765625 0
1755754529832 0.00040841102600097656 0
1755754539866 0.0005340576171875 0
1755754549910 0.00045228004455566406 0
1755754559947 0.0014047622680664062 0
1755754569985 0.0004849433898925781 0
1755754580024 0.0004711151123046875 0
1755754590066 0.0005249977111816406 0
1755754600102 0.0003905296325683594 0
1755754610145 0.0004458427429199219 0
1755754620194 0.0005266666412353516 0
1755754630230 0.00047397613525390625 0
1755754640269 0.0004830360412597656 0
1755754650306 0.00038909912109375 0
1755754660341 0.0005238056182861328 0
1755754670375 0.0005478858947753906 0
1755754680413 0.0004794597625732422 0
1755754690450 0.0005338191986083984 0
1755754700526 0.0005207061767578125 0
1755754710565 0.00048279762268066406 0
1755754720603 0.0005154609680175781 0
1755754730637 0.0005435943603515625 0
1755754740674 0.00045418739318847656 0
1755754750714 0.0004756450653076172 0
1755754760787 0.0005114078521728516 0
1755754770826 0.00048089027404785156 0
1755754780863 0.0004639625549316406 0
1755754790919 0.0006551742553710938 0
1755754800954 0.0004467964172363281 0
1755754810993 0.00046753883361816406 0
1755754821029 0.0005164146423339844 0
1755754831066 0.0005590915679931641 0
1755754841103 0.0004792213439941406 0
1755754851147 0.0004582405090332031 0
1755754861185 0.0005311965942382812 0
1755754871221 0.000492095947265625 0
1755754881258 0.0005362033843994141 0
1755754891294 0.0004508495330810547 0
1755754901331 0.000469207763671875 0
1755754911365 0.0004794597625732422 0
1755754921405 0.0005068778991699219 0
1755754931443 0.00045990943908691406 0
1755754941492 0.0006237030029296875 0
1755754951529 0.0004904270172119141 0
1755754961563 0.0006251335144042969 0
1755754971601 0.00048828125 0
1755754981640 0.0004584789276123047 0
1755754991680 0.0004467964172363281 0
1755755001721 0.0004684925079345703 0
1755755011757 0.0005309581756591797 0
1755755021801 0.00048041343688964844 0
1755755031838 0.0005216598510742188 0
1755755041875 0.0005681514739990234 0
1755755051912 0.0004611015319824219 0
1755755061945 0.0005714893341064453 0
1755755071985 0.0004944801330566406 0
1755755082023 0.0006153583526611328 0
1755755092065 0.0004744529724121094 0
1755755102104 0.0006823539733886719 0
1755755112140 0.0004401206970214844 0
1755755122175 0.00046634674072265625 0
1755755132213 0.00047850608825683594 0
1755755142255 0.0006239414215087891 0
1755755152292 0.00044655799865722656 0
1755755162334 0.0007734298706054688 0
1755755172371 0.0004553794860839844 0
1755755182408 0.0004444122314453125 0
1755755192448 0.0004489421844482422 0
1755755202486 0.0004622936248779297 0
1755755212528 0.0004496574401855469 0
1755755222560 0.0005822181701660156 0
1755755232598 0.0004787445068359375 0
1755755242632 0.0004839897155761719 0
1755755252675 0.0004551410675048828 0
1755755262713 0.00047326087951660156 0
1755755272747 0.00044155120849609375 0
1755755282788 0.000423431396484375 0
1755755292823 0.0005285739898681641 0
1755755302860 0.0005192756652832031 0
1755755312892 0.0005023479461669922 0
1755755322928 0.0004892349243164062 0
1755755332970 0.0004918575286865234 0
1755755343011 0.0005767345428466797 0
1755755353055 0.0005624294281005859 0
