1755753476328 0.0004189014434814453 0
1755753486364 0.0004162788391113281 0
1755753496399 0.000396728515625 0
1755753506434 0.0004036426544189453 0
1755753516470 0.00042176246643066406 0
1755753526505 0.00040459632873535156 0
1755753536539 0.0004055500030517578 0
1755753546573 0.0003917217254638672 0
1755753556608 0.00039958953857421875 0
1755753566647 0.0004248619079589844 0
1755753576682 0.0004298686981201172 0
1755753586718 0.000453948974609375 0
1755753596757 0.0004475116729736328 0
1755753606790 0.0004329681396484375 0
1755753616825 0.00045752525329589844 0
1755753626864 0.0004150867462158203 0
1755753636905 0.0030100345611572266 0
1755753646943 0.00046062469482421875 0
1755753656982 0.0004239082336425781 0
1755753667024 0.00045800209045410156 0
1755753677063 0.0004382133483886719 0
1755753687096 0.0004405975341796875 0
1755753697128 0.00044155120849609375 0
1755753707166 0.00045752525329589844 0
1755753717203 0.0004134178161621094 0
1755753727242 0.00041484832763671875 0
1755753737280 0.000522613525390625 0
1755753747328 0.0004932880401611328 0
1755753757367 0.0006289482116699219 0
1755753767406 0.000446319580078125 0
1755753777440 0.00042319297790527344 0
1755753787476 0.00047850608825683594 0
1755753797516 0.0004191398620605469 0
1755753807554 0.0004372596740722656 0
1755753817596 0.00043702125549316406 0
1755753827637 0.0004322528839111328 0
1755753837673 0.0004513263702392578 0
1755753847710 0.0004379749298095703 0
1755753857755 0.0005030632019042969 0
1755753867799 0.0005161762237548828 0
1755753877835 0.00044155120849609375 0
1755753887875 0.0005967617034912109 0
1755753897927 0.0005726814270019531 0
1755753907970 0.0007545948028564453 0
1755753918013 0.0005855560302734375 0
1755753928050 0.0005109310150146484 0
1755753938094 0.000583648681640625 0
1755753948137 0.00042557716369628906 0
1755753958170 0.00042700767517089844 0
1755753968214 0.0005586147308349609 0
1755753978250 0.0004162788391113281 0
1755753988290 0.000453948974609375 0
1755753998333 0.0004596710205078125 0
1755754008381 0.0006732940673828125 0
1755754018418 0.00043392181396484375 0
1755754028460 0.00044274330139160156 0
1755754038495 0.00039696693420410156 0
1755754048528 0.00038933753967285156 0
1755754058566 0.00048160552978515625 0
1755754068602 0.0004096031188964844 0
1755754078642 0.00043892860412597656 0
1755754088677 0.0004074573516845703 0
1755754098713 0.00040221214294433594 0
1755754108746 0.0006811618804931641 0
1755754118782 0.0005052089691162109 0
1755754128820 0.00040340423583984375 0
1755754138863 0.0005166530609130859 0
1755754148921 0.0005481243133544922 0
1755754158954 0.0004067420959472656 0
